126554
1356
62634
1690
31673
8488
1078
65345
30697
12540
1632
1722
1891
1878
10860
1440
24216
1177
1449
27845
15708
1487
30490
157057
125595
28349
14324
1704
24287
1161
1602
164708
105365
64768
9063
10466
63643
145046
3221
1678
11923
1209
31122
1794
10405
29875
1920
1913
22140
1447
1279
23809
2285
7647
7267
2086
25338
2184
2444
2044
2255
2111
1408
4885
2435
1976
12123
24468
22794
2019
1988
14650
2154
2403
28119
66708
2490
13365
11818
25279
142460
1663
64925
3243
3310
3362
2751
2817
28034
3024
3497
16784
260774
12756
13498
3054
1995
13599
3555
27786
65609
2547
64356
14824
149738
3170
3121
3231
3226
149070
3650
3439
5742
120093
30990
144066
8549
29028
177264
2663
26011
20779
2574
3062
2884
111864
2845
61676
113419
23877
7241
2991
20423
4029
4060
4087
3964
3835
14489
62655
177376
64166
25340
3735
3980
4058
31846
3897
12206
4093
2783
14934
3336
25495
16721
114524
4213
3413
5074
4423
9846
61567
12053
29392
4321
16478
4242
174130
28733
25356
63501
4199
7366
8539
4494
126296
4839
14590
4560
4598
8099
66731
4737
165993
12635
4640
4818
15208
4601
4843
135484
7904
5046
5047
12233
11300
24856
5071
10614
3532
5073
145049
158354
160329
5125
4990
5229
114628
5234
5256
5439
12788
5518
5786
122015
5680
1380
61739
12389
1300
5723
5589
5606
2269
9411
160255
7063
5597
27914
26061
6066
163610
6078
6097
3105
63800
6008
27928
6104
6136
5860
5878
6216
12136
28195
6268
8446
6682
6266
121718
137232
24032
2968
7922
6375
6768
12689
9783
112033
5568
24731
6304
6435
3144
4194
6502
25283
6781
6733
6649
30128
6669
14960
25124
110685
12216
6730
6653
6774
6742
6829
6529
9882
61552
4611
28930
7085
7116
13561
7154
27965
7171
139665
142953
7260
7228
133768
7186
7067
7409
7146
7065
7435
8543
7506
140760
7257
7017
12124
12141
7585
4699
24379
6994
7343
7620
11446
64156
7637
10121
7912
1661
7711
11925
4517
7881
7974
7906
15855
7985
63892
11910
7923
7772
61591
7982
8030
117768
14623
7875
7866
166451
14624
4066
2290
12142
8068
8402
119417
8606
8253
8264
15709
8717
25880
8810
8479
8530
145701
8762
13341
8358
8823
4145
29984
8304
8245
1075
8694
8247
8455
143356
10096
125533
61489
24800
29791
9299
120877
9258
4674
2312
28338
64891
9217
9203
6788
4040
10332
8972
10983
10984
9351
25434
13988
176282
9555
9459
6307
9667
9699
9772
27780
9465
9778
61513
9850
29389
7163
15521
8272
14535
17130
10187
9372
8873
10035
2710
10156
60992
10190
10016
9359
10115
10247
9899
3505
178310
10277
177267
10453
7991
11856
12886
4988
3813
7750
62984
13646
11672
10420
10530
140541
12138
62689
10793
5959
1567
25056
10499
10519
10787
2504
10903
12726
10867
10920
4723
10974
2270
11115
11060
165675
13714
29241
15247
11228
11220
66368
2136
16243
61574
4739
11264
11555
11366
8007
24893
4367
11465
174490
14477
11506
11259
175263
11609
11456
1478
174729
23978
7977
24318
22325
4503
11636
28256
65417
144559
11687
