126554
1356
62634
1690
31673
1078
65345
30697
12540
1632
1722
1891
1878
10860
1440
24216
1177
1449
27845
15708
1487
30490
157057
125595
29968
28349
14324
1704
1161
1602
164708
105365
64768
9063
10466
63643
145046
3221
1678
11923
1209
14282
31122
10405
29875
1920
1913
1447
1279
23809
2285
7647
2086
25338
2184
2044
2255
2111
1408
4885
2435
1976
12123
24468
22794
2019
1988
14650
2154
2403
66708
2490
25279
142460
64925
3243
3310
3362
2751
60894
2817
3024
3497
260774
12756
13498
1995
13599
23945
163946
27786
65609
2547
64356
14824
149738
3170
3121
3231
3226
149070
3650
3439
5742
120093
30990
20548
144066
8549
29028
177264
2663
26011
157855
20779
2574
3062
2884
111864
2845
61676
113419
23877
7241
2991
4029
4060
4087
3835
14489
62655
177376
64166
25340
3735
3980
4094
4058
179700
31846
3897
12206
4093
2783
61483
14934
3336
25495
16721
114524
4213
3413
4423
9846
61567
12053
29392
4321
16478
4242
174130
28733
4430
25356
63501
4199
7366
8539
4494
126296
4839
14225
14590
4560
4598
8099
66731
4737
165993
12635
4640
4818
4108
4843
135484
7904
5046
5047
12233
11300
24856
5071
10614
3532
5073
145049
158354
160329
5125
4990
5229
114628
5234
5256
5439
12788
5518
5786
122015
5680
1380
61739
12389
1300
5723
5606
2269
9411
160255
7063
5597
27914
6066
163610
6078
6097
63800
6008
27928
6104
6136
136725
5860
5878
29804
6216
12136
28195
6268
8446
6682
6266
121718
137232
24032
2968
7922
6375
12689
9783
112033
5568
24731
6304
6435
3144
4194
6502
25283
6781
6733
6649
6669
14960
5492
118577
25124
110685
12216
6730
6653
6774
6742
147175
6829
6529
9882
61552
4611
160225
28930
7085
7116
13561
7154
27965
7171
139665
142953
7260
7228
141400
133768
25783
7186
7067
7409
7146
7065
7435
8543
7506
140760
7257
7017
12124
12141
7585
4699
6994
7343
7620
11446
64156
7637
10121
7912
1661
149337
11925
4517
7881
7974
7906
15855
7985
63892
11910
7923
7772
61591
7982
8030
117768
14623
7875
7866
166451
14624
4066
12142
8068
8402
16245
119417
8606
8253
8264
15709
8717
25880
13125
8810
8479
8530
145701
8762
13341
8358
8823
4145
29984
8304
179621
8245
1075
8694
8247
8455
143356
10096
125533
14359
61489
24800
29791
9299
120877
9258
4674
2312
64891
9217
9203
6788
4040
112168
10332
8972
10983
10984
25434
13988
176282
9555
9459
6307
9667
9699
9772
27780
9777
9465
9778
61513
180167
9850
29389
7163
15521
63527
8272
17130
10187
9372
8873
10035
2710
10156
60992
10190
10016
9904
9359
10115
10247
9899
3505
178310
10277
177267
10453
11856
12886
4988
3813
7750
62984
13646
11672
10420
10530
140541
12138
62689
10793
10631
5959
25056
10499
10519
10787
10903
12726
10867
10920
4723
10974
2270
11115
11060
165675
13714
29241
15247
11228
11220
66368
2136
61574
11264
11550
11555
8007
24893
4367
11465
174490
14477
11506
11259
175263
11456
1478
174729
149318
23978
7977
24318
22325
4503
13700
11636
28256
65417
144559
11687
